longitude(degree)	latitude(degree)	 depth(km)	 width(km)	 length(km)	 strike(degree)	 dip(degree)	 rake(degree)	 slip(any)	 open(any
126.066	1.566	0.100	5	5	20.0	45	76	1	0
126.050	1.524	0.100	5	5	20.0	45	76	1	0
126.035	1.481	0.100	5	5	20.5	45	76	1	0
126.019	1.439	0.100	5	5	20.5	45	76	1	0
126.003	1.397	0.100	5	5	21.0	45	76	1	0
125.987	1.355	0.100	5	5	21.0	45	76	1	0
125.971	1.313	0.100	5	5	21.0	45	76	1	0
125.955	1.271	0.100	5	5	20.3	45	76	1	0
125.940	1.229	0.100	5	5	19.6	45	76	1	0
125.925	1.187	0.100	5	5	18.9	45	76	1	0
125.911	1.144	0.100	5	5	18.2	45	76	1	0
125.897	1.102	0.100	5	5	17.5	45	76	1	0
125.884	1.059	0.100	5	5	16.8	45	76	1	0
125.871	1.016	0.100	5	5	16.1	45	76	1	0
125.859	0.973	0.100	5	5	15.4	45	76	1	0
125.847	0.930	0.100	5	5	14.7	45	76	1	0
125.836	0.887	0.100	5	5	14.0	45	76	1	0
125.826	0.843	0.100	5	5	13.3	45	76	1	0
125.816	0.800	0.100	5	5	12.6	45	76	1	0
125.806	0.756	0.100	5	5	11.9	45	76	1	0
125.797	0.712	0.100	5	5	11.2	45	76	1	0
125.789	0.668	0.100	5	5	10.5	45	76	1	0
125.781	0.624	0.100	5	5	9.8	45	76	1	0
125.773	0.580	0.100	5	5	9.1	45	76	1	0
125.767	0.536	0.100	5	5	8.4	45	76	1	0
125.760	0.491	0.100	5	5	7.7	45	76	1	0
125.755	0.447	0.100	5	5	7.0	45	76	1	0
125.749	0.403	0.100	5	5	6.3	45	76	1	0
125.745	0.358	0.100	5	5	5.6	45	76	1	0
125.741	0.314	0.100	5	5	4.9	45	76	1	0
126.108	1.551	3.636	5	5	20.0	45	76	1	0
126.092	1.508	3.636	5	5	20.0	45	76	1	0
126.077	1.466	3.636	5	5	20.5	45	76	1	0
126.061	1.423	3.636	5	5	20.5	45	76	1	0
126.045	1.381	3.636	5	5	21.0	45	76	1	0
126.029	1.339	3.636	5	5	21.0	45	76	1	0
126.013	1.297	3.636	5	5	21.0	45	76	1	0
125.997	1.255	3.636	5	5	20.3	45	76	1	0
125.982	1.214	3.636	5	5	19.6	45	76	1	0
125.967	1.172	3.636	5	5	18.9	45	76	1	0
125.953	1.130	3.636	5	5	18.2	45	76	1	0
125.940	1.088	3.636	5	5	17.5	45	76	1	0
125.927	1.046	3.636	5	5	16.8	45	76	1	0
125.914	1.004	3.636	5	5	16.1	45	76	1	0
125.902	0.961	3.636	5	5	15.4	45	76	1	0
125.891	0.918	3.636	5	5	14.7	45	76	1	0
125.880	0.876	3.636	5	5	14.0	45	76	1	0
125.869	0.833	3.636	5	5	13.3	45	76	1	0
125.859	0.790	3.636	5	5	12.6	45	76	1	0
125.850	0.747	3.636	5	5	11.9	45	76	1	0
125.841	0.703	3.636	5	5	11.2	45	76	1	0
125.833	0.660	3.636	5	5	10.5	45	76	1	0
125.825	0.616	3.636	5	5	9.8	45	76	1	0
125.818	0.573	3.636	5	5	9.1	45	76	1	0
125.811	0.529	3.636	5	5	8.4	45	76	1	0
125.805	0.485	3.636	5	5	7.7	45	76	1	0
125.799	0.442	3.636	5	5	7.0	45	76	1	0
125.794	0.398	3.636	5	5	6.3	45	76	1	0
125.790	0.354	3.636	5	5	5.6	45	76	1	0
125.786	0.310	3.636	5	5	4.9	45	76	1	0
126.150	1.535	7.171	5	5	20.0	45	76	1	0
126.135	1.493	7.171	5	5	20.0	45	76	1	0
126.119	1.450	7.171	5	5	20.5	45	76	1	0
126.103	1.408	7.171	5	5	20.5	45	76	1	0
126.087	1.365	7.171	5	5	21.0	45	76	1	0
126.071	1.323	7.171	5	5	21.0	45	76	1	0
126.055	1.281	7.171	5	5	21.0	45	76	1	0
126.039	1.240	7.171	5	5	20.3	45	76	1	0
126.024	1.199	7.171	5	5	19.6	45	76	1	0
126.010	1.158	7.171	5	5	18.9	45	76	1	0
125.996	1.116	7.171	5	5	18.2	45	76	1	0
125.983	1.075	7.171	5	5	17.5	45	76	1	0
125.970	1.033	7.171	5	5	16.8	45	76	1	0
125.957	0.991	7.171	5	5	16.1	45	76	1	0
125.946	0.949	7.171	5	5	15.4	45	76	1	0
125.934	0.907	7.171	5	5	14.7	45	76	1	0
125.923	0.865	7.171	5	5	14.0	45	76	1	0
125.913	0.822	7.171	5	5	13.3	45	76	1	0
125.903	0.780	7.171	5	5	12.6	45	76	1	0
125.894	0.737	7.171	5	5	11.9	45	76	1	0
125.885	0.695	7.171	5	5	11.2	45	76	1	0
125.877	0.652	7.171	5	5	10.5	45	76	1	0
125.869	0.609	7.171	5	5	9.8	45	76	1	0
125.862	0.566	7.171	5	5	9.1	45	76	1	0
125.856	0.523	7.171	5	5	8.4	45	76	1	0
125.850	0.479	7.171	5	5	7.7	45	76	1	0
125.844	0.436	7.171	5	5	7.0	45	76	1	0
125.839	0.393	7.171	5	5	6.3	45	76	1	0
125.834	0.349	7.171	5	5	5.6	45	76	1	0
125.830	0.306	7.171	5	5	4.9	45	76	1	0
126.192	1.520	10.707	5	5	20.0	45	76	1	0
126.177	1.478	10.707	5	5	20.0	45	76	1	0
126.161	1.434	10.707	5	5	20.5	45	76	1	0
126.145	1.392	10.707	5	5	20.5	45	76	1	0
126.129	1.349	10.707	5	5	21.0	45	76	1	0
126.113	1.306	10.707	5	5	21.0	45	76	1	0
126.097	1.264	10.707	5	5	21.0	45	76	1	0
126.081	1.224	10.707	5	5	20.3	45	76	1	0
126.067	1.184	10.707	5	5	19.6	45	76	1	0
126.052	1.143	10.707	5	5	18.9	45	76	1	0
126.039	1.102	10.707	5	5	18.2	45	76	1	0
126.026	1.061	10.707	5	5	17.5	45	76	1	0
126.013	1.020	10.707	5	5	16.8	45	76	1	0
126.001	0.979	10.707	5	5	16.1	45	76	1	0
125.989	0.937	10.707	5	5	15.4	45	76	1	0
125.978	0.896	10.707	5	5	14.7	45	76	1	0
125.967	0.854	10.707	5	5	14.0	45	76	1	0
125.957	0.812	10.707	5	5	13.3	45	76	1	0
125.947	0.770	10.707	5	5	12.6	45	76	1	0
125.938	0.728	10.707	5	5	11.9	45	76	1	0
125.930	0.686	10.707	5	5	11.2	45	76	1	0
125.921	0.643	10.707	5	5	10.5	45	76	1	0
125.914	0.601	10.707	5	5	9.8	45	76	1	0
125.907	0.559	10.707	5	5	9.1	45	76	1	0
125.900	0.516	10.707	5	5	8.4	45	76	1	0
125.894	0.473	10.707	5	5	7.7	45	76	1	0
125.889	0.431	10.707	5	5	7.0	45	76	1	0
125.884	0.388	10.707	5	5	6.3	45	76	1	0
125.879	0.345	10.707	5	5	5.6	45	76	1	0
125.875	0.302	10.707	5	5	4.9	45	76	1	0
126.235	1.504	14.242	5	5	20.0	45	76	1	0
126.219	1.462	14.242	5	5	20.0	45	76	1	0
126.203	1.418	14.242	5	5	20.5	45	76	1	0
126.187	1.376	14.242	5	5	20.5	45	76	1	0
126.171	1.332	14.242	5	5	21.0	45	76	1	0
126.155	1.290	14.242	5	5	21.0	45	76	1	0
126.139	1.248	14.242	5	5	21.0	45	76	1	0
126.124	1.209	14.242	5	5	20.3	45	76	1	0
126.109	1.169	14.242	5	5	19.6	45	76	1	0
126.095	1.128	14.242	5	5	18.9	45	76	1	0
126.082	1.088	14.242	5	5	18.2	45	76	1	0
126.068	1.048	14.242	5	5	17.5	45	76	1	0
126.056	1.007	14.242	5	5	16.8	45	76	1	0
126.044	0.966	14.242	5	5	16.1	45	76	1	0
126.032	0.925	14.242	5	5	15.4	45	76	1	0
126.021	0.884	14.242	5	5	14.7	45	76	1	0
126.011	0.843	14.242	5	5	14.0	45	76	1	0
126.001	0.802	14.242	5	5	13.3	45	76	1	0
125.991	0.760	14.242	5	5	12.6	45	76	1	0
125.982	0.719	14.242	5	5	11.9	45	76	1	0
125.974	0.677	14.242	5	5	11.2	45	76	1	0
125.966	0.635	14.242	5	5	10.5	45	76	1	0
125.958	0.593	14.242	5	5	9.8	45	76	1	0
125.951	0.551	14.242	5	5	9.1	45	76	1	0
125.945	0.509	14.242	5	5	8.4	45	76	1	0
125.939	0.467	14.242	5	5	7.7	45	76	1	0
125.933	0.425	14.242	5	5	7.0	45	76	1	0
125.928	0.383	14.242	5	5	6.3	45	76	1	0
125.924	0.341	14.242	5	5	5.6	45	76	1	0
125.920	0.298	14.242	5	5	4.9	45	76	1	0
126.277	1.489	17.778	5	5	20.0	45	76	1	0
126.262	1.447	17.778	5	5	20.0	45	76	1	0
126.245	1.403	17.778	5	5	20.5	45	76	1	0
126.230	1.360	17.778	5	5	20.5	45	76	1	0
126.213	1.316	17.778	5	5	21.0	45	76	1	0
126.197	1.274	17.778	5	5	21.0	45	76	1	0
126.181	1.232	17.778	5	5	21.0	45	76	1	0
126.166	1.193	17.778	5	5	20.3	45	76	1	0
126.151	1.153	17.778	5	5	19.6	45	76	1	0
126.138	1.114	17.778	5	5	18.9	45	76	1	0
126.124	1.074	17.778	5	5	18.2	45	76	1	0
126.111	1.034	17.778	5	5	17.5	45	76	1	0
126.099	0.994	17.778	5	5	16.8	45	76	1	0
126.087	0.954	17.778	5	5	16.1	45	76	1	0
126.076	0.913	17.778	5	5	15.4	45	76	1	0
126.065	0.873	17.778	5	5	14.7	45	76	1	0
126.054	0.832	17.778	5	5	14.0	45	76	1	0
126.045	0.791	17.778	5	5	13.3	45	76	1	0
126.035	0.750	17.778	5	5	12.6	45	76	1	0
126.026	0.709	17.778	5	5	11.9	45	76	1	0
126.018	0.668	17.778	5	5	11.2	45	76	1	0
126.010	0.627	17.778	5	5	10.5	45	76	1	0
126.003	0.586	17.778	5	5	9.8	45	76	1	0
125.996	0.544	17.778	5	5	9.1	45	76	1	0
125.989	0.503	17.778	5	5	8.4	45	76	1	0
125.983	0.461	17.778	5	5	7.7	45	76	1	0
125.978	0.420	17.778	5	5	7.0	45	76	1	0
125.973	0.378	17.778	5	5	6.3	45	76	1	0
125.969	0.336	17.778	5	5	5.6	45	76	1	0
125.965	0.294	17.778	5	5	4.9	45	76	1	0
126.319	1.474	21.313	5	5	20.0	45	76	1	0
126.304	1.431	21.313	5	5	20.0	45	76	1	0
126.287	1.387	21.313	5	5	20.5	45	76	1	0
126.272	1.345	21.313	5	5	20.5	45	76	1	0
126.255	1.300	21.313	5	5	21.0	45	76	1	0
126.239	1.258	21.313	5	5	21.0	45	76	1	0
126.223	1.216	21.313	5	5	21.0	45	76	1	0
126.208	1.177	21.313	5	5	20.3	45	76	1	0
126.194	1.138	21.313	5	5	19.6	45	76	1	0
126.180	1.099	21.313	5	5	18.9	45	76	1	0
126.167	1.060	21.313	5	5	18.2	45	76	1	0
126.154	1.021	21.313	5	5	17.5	45	76	1	0
126.142	0.981	21.313	5	5	16.8	45	76	1	0
126.130	0.941	21.313	5	5	16.1	45	76	1	0
126.119	0.901	21.313	5	5	15.4	45	76	1	0
126.108	0.861	21.313	5	5	14.7	45	76	1	0
126.098	0.821	21.313	5	5	14.0	45	76	1	0
126.088	0.781	21.313	5	5	13.3	45	76	1	0
126.079	0.741	21.313	5	5	12.6	45	76	1	0
126.070	0.700	21.313	5	5	11.9	45	76	1	0
126.062	0.660	21.313	5	5	11.2	45	76	1	0
126.054	0.619	21.313	5	5	10.5	45	76	1	0
126.047	0.578	21.313	5	5	9.8	45	76	1	0
126.040	0.537	21.313	5	5	9.1	45	76	1	0
126.034	0.496	21.313	5	5	8.4	45	76	1	0
126.028	0.455	21.313	5	5	7.7	45	76	1	0
126.023	0.414	21.313	5	5	7.0	45	76	1	0
126.018	0.373	21.313	5	5	6.3	45	76	1	0
126.014	0.332	21.313	5	5	5.6	45	76	1	0
126.010	0.291	21.313	5	5	4.9	45	76	1	0
126.362	1.458	24.849	5	5	20.0	45	76	1	0
126.346	1.416	24.849	5	5	20.0	45	76	1	0
126.330	1.371	24.849	5	5	20.5	45	76	1	0
126.314	1.329	24.849	5	5	20.5	45	76	1	0
126.297	1.284	24.849	5	5	21.0	45	76	1	0
126.281	1.242	24.849	5	5	21.0	45	76	1	0
126.265	1.200	24.849	5	5	21.0	45	76	1	0
126.250	1.162	24.849	5	5	20.3	45	76	1	0
126.236	1.123	24.849	5	5	19.6	45	76	1	0
126.223	1.085	24.849	5	5	18.9	45	76	1	0
126.210	1.046	24.849	5	5	18.2	45	76	1	0
126.197	1.007	24.849	5	5	17.5	45	76	1	0
126.185	0.968	24.849	5	5	16.8	45	76	1	0
126.174	0.929	24.849	5	5	16.1	45	76	1	0
126.163	0.889	24.849	5	5	15.4	45	76	1	0
126.152	0.850	24.849	5	5	14.7	45	76	1	0
126.142	0.810	24.849	5	5	14.0	45	76	1	0
126.132	0.771	24.849	5	5	13.3	45	76	1	0
126.123	0.731	24.849	5	5	12.6	45	76	1	0
126.114	0.691	24.849	5	5	11.9	45	76	1	0
126.106	0.651	24.849	5	5	11.2	45	76	1	0
126.098	0.611	24.849	5	5	10.5	45	76	1	0
126.091	0.570	24.849	5	5	9.8	45	76	1	0
126.085	0.530	24.849	5	5	9.1	45	76	1	0
126.078	0.490	24.849	5	5	8.4	45	76	1	0
126.073	0.449	24.849	5	5	7.7	45	76	1	0
126.067	0.409	24.849	5	5	7.0	45	76	1	0
126.063	0.368	24.849	5	5	6.3	45	76	1	0
126.058	0.327	24.849	5	5	5.6	45	76	1	0
126.055	0.287	24.849	5	5	4.9	45	76	1	0
126.404	1.443	28.384	5	5	20.0	45	76	1	0
126.388	1.401	28.384	5	5	20.0	45	76	1	0
126.372	1.355	28.384	5	5	20.5	45	76	1	0
126.356	1.313	28.384	5	5	20.5	45	76	1	0
126.339	1.268	28.384	5	5	21.0	45	76	1	0
126.323	1.226	28.384	5	5	21.0	45	76	1	0
126.307	1.184	28.384	5	5	21.0	45	76	1	0
126.292	1.146	28.384	5	5	20.3	45	76	1	0
126.279	1.108	28.384	5	5	19.6	45	76	1	0
126.265	1.070	28.384	5	5	18.9	45	76	1	0
126.253	1.032	28.384	5	5	18.2	45	76	1	0
126.240	0.994	28.384	5	5	17.5	45	76	1	0
126.228	0.955	28.384	5	5	16.8	45	76	1	0
126.217	0.916	28.384	5	5	16.1	45	76	1	0
126.206	0.878	28.384	5	5	15.4	45	76	1	0
126.195	0.839	28.384	5	5	14.7	45	76	1	0
126.185	0.799	28.384	5	5	14.0	45	76	1	0
126.176	0.760	28.384	5	5	13.3	45	76	1	0
126.167	0.721	28.384	5	5	12.6	45	76	1	0
126.158	0.682	28.384	5	5	11.9	45	76	1	0
126.150	0.642	28.384	5	5	11.2	45	76	1	0
126.143	0.602	28.384	5	5	10.5	45	76	1	0
126.136	0.563	28.384	5	5	9.8	45	76	1	0
126.129	0.523	28.384	5	5	9.1	45	76	1	0
126.123	0.483	28.384	5	5	8.4	45	76	1	0
126.117	0.443	28.384	5	5	7.7	45	76	1	0
126.112	0.403	28.384	5	5	7.0	45	76	1	0
126.107	0.363	28.384	5	5	6.3	45	76	1	0
126.103	0.323	28.384	5	5	5.6	45	76	1	0
126.099	0.283	28.384	5	5	4.9	45	76	1	0
126.446	1.427	31.920	5	5	20.0	45	76	1	0
126.431	1.385	31.920	5	5	20.0	45	76	1	0
126.414	1.339	31.920	5	5	20.5	45	76	1	0
126.398	1.297	31.920	5	5	20.5	45	76	1	0
126.381	1.252	31.920	5	5	21.0	45	76	1	0
126.365	1.210	31.920	5	5	21.0	45	76	1	0
126.349	1.168	31.920	5	5	21.0	45	76	1	0
126.335	1.131	31.920	5	5	20.3	45	76	1	0
126.321	1.093	31.920	5	5	19.6	45	76	1	0
126.308	1.056	31.920	5	5	18.9	45	76	1	0
126.295	1.018	31.920	5	5	18.2	45	76	1	0
126.283	0.980	31.920	5	5	17.5	45	76	1	0
126.271	0.942	31.920	5	5	16.8	45	76	1	0
126.260	0.904	31.920	5	5	16.1	45	76	1	0
126.249	0.866	31.920	5	5	15.4	45	76	1	0
126.239	0.827	31.920	5	5	14.7	45	76	1	0
126.229	0.789	31.920	5	5	14.0	45	76	1	0
126.220	0.750	31.920	5	5	13.3	45	76	1	0
126.211	0.711	31.920	5	5	12.6	45	76	1	0
126.202	0.672	31.920	5	5	11.9	45	76	1	0
126.194	0.633	31.920	5	5	11.2	45	76	1	0
126.187	0.594	31.920	5	5	10.5	45	76	1	0
126.180	0.555	31.920	5	5	9.8	45	76	1	0
126.173	0.516	31.920	5	5	9.1	45	76	1	0
126.167	0.477	31.920	5	5	8.4	45	76	1	0
126.162	0.437	31.920	5	5	7.7	45	76	1	0
126.157	0.398	31.920	5	5	7.0	45	76	1	0
126.152	0.358	31.920	5	5	6.3	45	76	1	0
126.148	0.319	31.920	5	5	5.6	45	76	1	0
126.144	0.279	31.920	5	5	4.9	45	76	1	0
